0
1
2
4
7
8
10
11
14
15
16
17
19
20
21
24
29
30
33
34
36
37
44
47
51
54
56
57
59
64
65
66
69
71
77
82
83
84
87
88
90
92
94
96
97
102
103
107
108
109
111
112
114
116
117
118
119
120
121
129
130
132
133
134
139
140
142
144
147
149
150
151
153
158
159
160
162
164
165
166
169
170
173
175
178
181
182
183
185
187
188
192
196
197
199
205
207
211
212
215
216
217
218
220
221
224
225
226
231
232
236
237
239
240
241
243
244
245
246
247
251
253
254
256
258
259
260
261
265
267
268
271
272
273
274
279
281
285
290
293
295
297
299
302
303
306
307
310
311
312
313
314
315
317
318
319
320
321
322
323
324
325
327
328
329
331
334
335
342
343
344
348
353
354
355
357
358
360
361
365
366
368
369
370
371
372
373
375
376
377
381
382
384
386
387
389
390
394
398
399
400
401
402
404
405
406
407
408
409
410
411
413
414
416
417
419
420
422
425
426
427
430
432
434
436
438
439
440
441
444
446
447
450
451
456
457
460
461
462
463
464
468
469
471
473
475
476
477
478
479
480
482
484
485
486
487
489
491
494
496
497
498
500
503
504
505
506
507
512
514
515
516
517
518
519
520
521
522
523
524
530
531
533
536
537
538
544
546
554
555
556
560
562
564
565
569
570
571
572
573
577
579
581
583
586
590
593
599
601
603
604
605
606
608
609
612
613
615
616
617
618
619
620
621
622
623
624
626
627
629
633
635
637
638
639
640
641
644
648
650
651
655
656
662
665
666
667
668
669
670
671
673
674
675
677
678
679
682
683
685
687
688
692
694
696
697
698
699
703
704
705
706
709
711
713
717
719
723
724
725
731
734
736
738
740
741
742
747
750
752
753
754
755
759
765
767
768
770
773
775
776
777
779
780
781
782
785
787
791
793
794
795
796
798
799
800
804
805
806
807
809
813
815
816
817
822
824
827
828
832
834
837
838
840
849
850
851
852
853
855
859
863
864
866
868
869
871
873
876
877
878
886
887
888
889
891
892
895
896
901
903
905
906
907
908
911
913
914
917
920
921
922
923
933
935
936
937
938
941
942
943
946
951
955
956
958
960
961
962
966
967
968
970
971
975
977
978
984
986
987
990
991
995
1000
1001
1003
1004
1006
1007
1013
1014
1018
1022
1023
1024
1025
1026
1027
1028
1029
1030
1037
1039
1041
1042
1043
1044
1045
1050
1058
1061
1063
1066
1067
1070
1071
1074
1077
1082
1084
1087
1088
1090
1094
1096
1098
1100
1102
1104
1105
1107
1110
1111
1112
1114
1115
1116
1123
1125
1127
1131
1132
1137
1139
1140
1141
1142
1144
1145
1147
1149
1151
1152
1153
1154
1155
1156
1157
1161
1162
1163
1166
1167
1169
1171
1174
1180
1181
1183
1184
1187
1188
1189
1190
1191
1195
1197
1199
1201
1206
1207
1208
1211
1212
1214
1217
1220
1221
1223
1226
1227
1231
1233
1236
1239
1246
1247
1248
1249
1251
1253
1256
1259
1260
1261
1264
1265
1266
1267
1268
1270
1272
1276
1277
1278
1279
1280
1282
1284
1285
1287
1292
1301
1302
1303
1304
1306
1308
1309
1310
1312
1315
1316
1317
1320
1324
1325
1326
1330
1331
1332
1333
1334
1337
1338
1339
1340
1341
1347
1350
1352
1353
1354
1355
1356
1357
1359
1365
1367
1369
1372
1373
1374
1376
1377
1378
1380
1381
1382
1383
1386
1392
1393
1394
1395
1396
1398
1399
1400
1401
1403
1404
1405
1408
1409
1410
1412
1413
1414
1415
1417
1418
1419
1421
1424
1425
1426
1428
1429
1430
1432
1433
1434
1435
1437
1438
1439
1440
1442
1446
1448
1449
1451
1452
1453
1455
1457
1458
1459
1462
1465
1466
1467
1468
1471
1473
1474
1475
1478
1480
1484
1487
1489
1490
1491
1492
1493
1495
1497
1501
1503
1507
1508
1509
1510
1515
1516
1517
1519
1522
1524
1525
1534
1536
1538
1540
1541
1543
1546
1547
1552
1555
1556
1560
1562
1564
1570
1571
1573
1579
1580
1583
1586
1587
1588
1589
1591
1593
1594
1595
1597
1598
1604
1607
1608
1614
1617
1618
1619
1621
1622
1628
1629
1630
1631
1632
1634
1635
1636
1637
1639
1640
1641
1644
1645
1648
1650
1651
1654
1656
1658
1665
1671
1674
1676
1677
1679
1681
1684
1692
1694
1695
1696
1703
1704
1705
1706
1708
1710
1711
1713
1716
1721
1722
1723
1724
1728
1729
1730
1732
1734
1739
1740
1742
1744
1746
1747
1748
1749
1750
1751
1756
1757
1760
1761
1762
1764
1765
1766
1767
1769
1771
1772
1773
1775
1777
1780
1781
1782
1783
1785
1786
1788
1790
1792
1793
1797
1798
1799
1804
1806
1809
1812
1813
1815
1816
1817
1818
1821
1823
1824
1825
1826
1828
1829
1832
1834
1836
1838
1839
1840
1841
1842
1844
1845
1846
1847
1850
1852
1853
1854
1855
1856
1857
1858
1864
1865
1866
1873
1875
1878
1879
1881
1882
1888
1889
1893
1894
1895
1901
1905
1906
1907
1909
1910
1911
1913
1914
1916
1917
1918
1919
1924
1926
1928
1931
1933
1935
1936
1939
1940
1942
1943
1945
1947
1948
1950
1951
1952
1954
1955
1957
1958
1960
1962
1963
1964
1965
1966
1971
1973
1975
1978
1982
1983
1984
1988
1989
1991
1992
1994
1995
1998
1999
2000
2001
2002
2005
2007
2008
2009
2012
2014
2017
2018
2019
2025
2026
2027
2028
2029
2031
2034
2036
2037
2038
2040
2041
2042
2043
2046
2047
2049
2053
2054
2055
2057
2059
2060
2063
2066
2067
2070
2075
2076
2078
2079
2084
2088
2090
2091
2093
2095
2096
2097
2100
2101
2102
2105
2107
2109
2110
2119
2121
2122
2125
2127
2128
2130
2131
2133
2135
2136
2137
2138
2141
2144
2145
2147
2148
2149
2150
2151
2155
2157
2158
2159
2164
2166
2167
2176
2180
2181
2182
2185
2186
2187
2189
2190
2192
2194
2195
2198
2199
2200
2202
2203
2204
2208
2209
2212
2214
2215
2216
2219
2221
2223
2227
2228
2230
2233
2234
2235
2236
2237
2243
2245
2246
2247
2249
2251
2254
2255
2256
2257
2258
2261
2262
2264
2265
2267
2269
2271
2272
2273
2274
2276
2277
2278
2280
2281
2282
2284
2288
2290
2291
2292
2295
2296
2297
2298
2300
2304
2305
2306
2308
2309
2311
2317
2318
2323
2324
2326
2328
2331
2333
2334
2336
2337
2339
2342
2344
2346
2347
2349
2355
2359
2361
2362
2366
2368
2369
2373
2375
2376
2379
2381
2385
2391
2394
2395
2396
2398
2400
2401
2403
2404
2407
2410
2415
2416
2417
2418
2420
2421
2422
2423
2426
2427
2428
2432
2438
2440
2443
2444
2446
2447
2448
2450
2451
2452
2453
2456
2457
2458
2460
2464
2468
2469
2470
2471
2472
2476
2477
2478
2481
2482
2483
2484
2486
2490
2495
2496
2497
2498
2500
2501
2502
2509
2510
2514
2516
2519
2522
2523
2525
2527
2528
2530
2533
2535
2537
2538
2539
2540
2541
2542
2545
2546
2547
2548
2549
2550
2553
2554
2557
2558
2559
2564
2567
2569
2571
2572
2573
2574
2576
2577
2578
2579
2582
2583
2585
2586
2588
2589
2594
2599
2600
2602
2603
2604
2605
2606
2608
2609
2612
2613
2614
2617
2618
2622
2623
2625
2626
2628
2629
2632
2634
2635
2638
2640
2644
2645
2646
2648
2649
2650
2656
2658
2660
2661
2662
2663
2664
2665
2666
2667
2668
2672
2676
2677
2678
2683
2686
2687
2690
2691
2696
2697
2702
2703
2709
2713
2715
2716
2718
2719
2723
2725
2726
2727
2730
2731
2732
2736
2742
2743
2744
2745
2752
2754
2757
2758
2760
2762
2763
2764
2766
2768
2770
2773
2774
2777
2778
2779
2780
2781
2782
2784
2786
2787
2788
2791
2794
2795
2796
2798
2799
2800
2801
2802
2803
2808
2809
2813
2814
2816
2819
2821
2823
2825
2827
2828
2832
2839
2840
2842
2843
2844
2848
2852
2856
2862
2866
2867
2871
2872
2879
2881
2887
2888
2889
2892
2893
2896
2898
2900
2901
2902
2905
2907
2910
2911
2913
2915
2917
2919
2920
2923
2924
2925
2926
2927
2930
2935
2936
2940
2944
2948
2950
2952
2954
2957
2958
2959
2960
2962
2963
2964
2966
2969
2971
2975
2976
2978
2982
2983
2987
2989
2991
2993
2995
2997
2999
3001
3003
3004
3007
3008
3009
3012
3013
3014
3018
3019
3021
3022
3023
3026
3029
3030
3032
3034
3037
3039
3040
3048
3051
3056
3058
3060
3061
3063
3064
3066
3068
3069
3072
3073
3074
3075
3076
3077
3078
3079
3082
3083
3086
3088
3089
3091
3093
3095
3097
3099
3104
3106
3107
3112
3114
3116
3117
3121
3126
3130
3131
3132
3135
3136
3137
3138
3139
3142
3143
3145
3146
3147
3148
3150
3152
3153
3154
3156
3157
3158
3159
3160
3165
3170
3171
3172
3178
3180
3181
3182
3183
3186
3190
3191
3192
3194
3200
3201
3203
3206
3207
3208
3209
3210
3212
3218
3221
3223
3224
3226
3227
3230
3231
3232
3234
3238
3240
3243
3246
3247
3249
3252
3253
3255
3256
3258
3264
3265
3270
3273
3275
3277
3283
3284
3288
3290
3292
3296
3297
3298
3299
3300
3301
3304
3305
3309
3311
3314
3321
3323
3324
3325
3331
3332
3333
3334
3335
3336
3338
3339
3347
3348
3351
3353
3354
3355
3356
3357
3361
3362
3368
3369
3370
3372
3373
3374
3376
3378
3381
3382
3383
3387
3390
3391
3392
3394
3395
3396
3397
3398
3399
3402
3403
3407
3408
3409
3411
3414
3415
3416
3418
3419
3421
3426
3427
3428
3429
3430
3431
3433
3434
3435
3439
3440
3446
3449
3452
3454
3455
3456
3460
3466
3468
3471
3472
3475
3476
3477
3479
3480
3481
3482
3483
3484
3485
3486
3487
3489
3490
3494
3497
3499
3500
3501
3502
3503
3504
3505
3506
3512
3513
3514
3519
3522
3523
3525
3526
3528
3532
3533
3535
3536
3538
3539
3540
3544
3545
3547
3548
3552
3554
3555
3558
3563
3565
3566
3567
3568
3569
3571
3572
3574
3577
3581
3582
3587
3590
3594
3595
3597
3601
3603
3606
3608
3609
3610
3611
3612
3613
3616
3617
3620
3621
3622
3623
3624
3627
3628
3629
3634
3635
3637
3639
3643
3645
3646
3647
3648
3649
3650
3651
3653
3654
3657
3658
3659
3660
3662
3663
3664
3665
3666
3672
3673
3674
3675
3678
3680
3681
3682
3683
3684
3686
3688
3692
3693
3694
3695
3696
3698
3699
3700
3701
3702
3705
3707
3708
3710
3713
3714
3715
3716
3719
3720
3723
3724
3725
3730
3731
3733
3737
3738
3740
3741
3746
3747
3748
3749
3751
3752
3754
3760
3762
3763
3765
3766
3767
3770
3771
3776
3777
3780
3781
3782
3783
3785
3788
3790
3792
3794
3796
3797
3799
3802
3803
3805
3807
3808
3809
3811
3813
3816
3818
3820
3821
3822
3824
3829
3830
3832
3833
3834
3835
3836
3839
3840
3843
3844
